address-9;1593952467008;1593952467966;1593952468936;1593952469909;1593952470908;1593952471759;1593952472801;1593952473692;1593952474823;1593952475787;1593952476713;1593952477697;1593952478579;1593952479575;1593952480475;1593952481583;1593952482460;1593952483559;1593952484568;1593952485698;1593952486712;1593952487651;1593952488665;1593952489528;1593952490633;1593952491629;1593952492607;1593952493643;1593952494541;1593952495574;1593952496440;1593952497575;1593952498581;1593952499493;1593952500586;1593952501446;1593952502588;1593952503553;1593952504497;1593952505461;1593952506346;1593952507202;1593952508023;1593952509016;1593952509790;1593952510670;1593952511630;1593952512522;1593952513319;1593952514368;1593952515132;1593952516027;1593952516805;1593952517704;1593952518505;1593952519420;1593952520378;1593952521311;1593952522214;1593952523071;1593952523906;1593952524890;1593952525819;1593952526639;1593952527479;1593952528322;1593952529180;1593952530025;1593952530913;1593952531831;1593952532707;1593952533585;1593952534473;1593952535449;1593952536403;1593952537234;1593952538172;1593952538958;1593952539914;1593952540702;1593952541638;1593952542604;1593952543476;1593952544433;1593952545276;1593952546129;1593952547117;1593952548075;1593952548901;1593952549763;1593952550583;1593952551443;1593952552278;1593952553201;1593952554197;1593952555155;1593952555965;1593952556742;1593952557322;1593952557492